36129
22111
60299
53636
1913
24391
49537
94334
47628
39925
48427
24225
47883
46577
35499
58513
99289
38413
22082
83181
51473
40083
86124
98742
7408
88246
25539
22075
4212
13078
69684
64038
62667
19086
19095
15451
32373
12173
55483
91457
85380
7795
22841
75150
20346
20736
74210
4222
25483
51512
40481
23009
57640
79300
1334
96931
37317
844
87109
22365
35062
74129
69645
79965
8059
33659
15423
69664
56189
89978
42262
18028
77589
85176
86077
47280
6186
26435
54291
75514
82251
5829
68724
83215
44496
18856
88490
37523
16121
10136
11137
78910
65601
88391
65670
19356
45086
87633
45772
93525
